199910001
199910019
199910027
199910035
199910043
199910050
199910068
199910076
199910084
199910092
199910100
199910118
199910126
199910134
199910142
199910159
199910167
199910175
199910183
199910191
199910209
199910217
199910225
199910233
199910241
199910258
199910266
199910274
199910282
199910290
199910308
199910316
199910324
199910332
199910340
199910357
199910365
199910373
199910381
199910399
199910407
199910415
199910423
199910431
199910449
199910456
199910464
199910472
199910480
199910498
199910506
199910514
199910522
199910530
199910548
199910555
199910563
199910571
199910589
199910597
199910605
199910613
199910621
199910639
199910647
199910654
199910662
199910670
199910688
199910696
199910704
199910712
199910720
199910738
199910746
199910753
199910761
199910779
199910787
199910795
199910803
199910811
199910829
199910837
199910845
199910852
199910860
199910878
199910886
199910894
199910902
199910910
199910928
199910936
199910944
199910951
199910969
199910977
199910985
199910993
199911009
199911017
199911025
199911033
199911041
199911058
199911066
199911074
199911082
199911090
199911108
199911116
199911124
199911132
199911140
199911157
199911165
199911173
199911181
199911199
199911207
199911215
199911223
199911231
199911249
199911256
199911264
199911272
199911280
199911298
199911306
199911314
199911322
199911330
199911348
199911355
199911363
199911371
199911389
199911397
199911405
199911413
199911421
199911439
199911447
199911454
199911462
199911470
199911488
199911496
199911504
199911512
199911520
199911538
199911546
199911553
199911561
199911579
199911587
199911595
199911603
199911611
199911629
199911637
199911645
199911652
199911660
199911678
199911686
199911694
199911702
199911710
199911728
199911736
199911744
199911751
199911769
199911777
199911785
199911793
199911801
199911819
199911827
199911835
199911843
199911850
199911868
199911876
199911884
199911892
199911900
199911918
199911926
199911934
199911942
199911959
199911967
199911975
199911983
199911991
199912007
199912015
199912023
199912031
199912049
199912056
199912064
199912072
199912080
199912098
199912106
199912114
199912122
199912130
199912148
199912155
199912163
199912171
199912189
199912197
199912205
199912213
199912221
199912239
199912247
199912254
199912262
199912270
199912288
199912296
199912304
199912312
199912320
199912338
199912346
199912353
199912361
199912379
199912387
199912395
199912403
199912411
199912429
199912437
199912445
199912452
199912460
199912478
199912486
199912494
199912502
199912510
199912528
199912536
199912544
199912551
199912569
199912577
199912585
199912593
199912601
199912619
199912627
199912635
199912643
199912650
199912668
199912676
199912684
199912692
199912700
199912718
199912726
199912734
199912742
199912759
199912767
199912775
199912783
199912791
199912809
199912817
199912825
199912833
199912841
199912858
199912866
199912874
199912882
199912890
199912908
199912916
199912924
199912932
199912940
199912957
199912965
199912973
199912981
199912999
199913005
199913013
199913021
199913039
199913047
199913054
199913062
199913070
199913088
199913096
199913104
199913112
199913120
199913138
199913146
199913153
199913161
199913179
199913187
199913195
199913203
199913211
199913229
199913237
199913245
199913252
199913260
199913278
199913286
199913294
199913302
199913310
199913328
199913336
199913344
199913351
199913369
199913377
199913385
199913393
199913401
199913419
199913427
199913435
199913443
199913450
199913468
199913476
199913484
199913492
199913500
199913518
199913526
199913534
199913542
199913559
199913567
199913575
199913583
199913591
199913609
199913617
199913625
199913633
199913641
199913658
199913666
199913674
199913682
199913690
199913708
199913716
199913724
199913732
199913740
199913757
199913765
199913773
199913781
199913799
199913807
199913815
199913823
199913831
199913849
199913856
199913864
199913872
199913880
199913898
199913906
199913914
199913922
199913930
199913948
199913955
199913963
199913971
199913989
199913997
199914003
199914011
199914029
199914037
199914045
199914052
199914060
199914078
199914086
199914094
199914102
199914110
199914128
199914136
199914144
199914151
199914169
199914177
199914185
199914193
199914201
199914219
199914227
199914235
199914243
199914250
199914268
199914276
199914284
199914292
199914300
199914318
199914326
199914334
199914342
199914359
199914367
199914375
199914383
199914391
199914409
199914417
199914425
199914433
199914441
199914458
199914466
199914474
199914482
199914490
199914508
199914516
199914524
199914532
199914540
199914557
199914565
199914573
199914581
199914599
199914607
199914615
199914623
199914631
199914649
199914656
199914664
199914672
199914680
199914698
199914706
199914714
199914722
199914730
199914748
199914755
199914763
199914771
199914789
199914797
199914805
199914813
199914821
199914839
199914847
199914854
199914862
199914870
199914888
199914896
199914904
199914912
199914920
199914938
199914946
199914953
199914961
199914979
199914987
199914995
199915000
199915018
199915026
199915034
199915042
199915059
199915067
199915075
199915083
199915091
199915109
199915117
199915125
199915133
199915141
199915158
199915166
199915174
199915182
199915190
199915208
199915216
199915224
199915232
199915240
199915257
199915265
199915273
199915281
199915299
199915307
199915315
199915323
199915331
199915349
199915356
199915364
199915372
199915380
199915398
199915406
199915414
199915422
199915430
199915448
199915455
199915463
199915471
199915489
199915497
199915505
199915513
199915521
199915539
199915547
199915554
199915562
199915570
199915588
199915596
199915604
199915612
199915620
199915638
199915646
199915653
199915661
199915679
199915687
199915695
199915703
199915711
199915729
199915737
199915745
199915752
199915760
199915778
199915786
199915794
199915802
199915810
199915828
199915836
199915844
199915851
199915869
199915877
199915885
199915893
199915901
199915919
199915927
199915935
199915943
199915950
199915968
199915976
199915984
199915992
199916008
199916016
199916024
199916032
199916040
199916057
199916065
199916073
199916081
199916099
199916107
199916115
199916123
199916131
199916149
199916156
199916164
199916172
199916180
199916198
199916206
199916214
199916222
199916230
199916248
199916255
199916263
199916271
199916289
199916297
199916305
199916313
199916321
199916339
199916347
199916354
199916362
199916370
199916388
199916396
199916404
199916412
199916420
199916438
199916446
199916453
199916461
199916479
199916487
199916495
199916503
199916511
199916529
199916537
199916545
199916552
199916560
199916578
199916586
199916594
199916602
199916610
199916628
199916636
199916644
199916651
199916669
199916677
199916685
199916693
199916701
199916719
199916727
199916735
199916743
199916750
199916768
199916776
199916784
199916792
199916800
199916818
199916826
199916834
199916842
199916859
199916867
199916875
199916883
199916891
199916909
199916917
199916925
199916933
199916941
199916958
199916966
199916974
199916982
199916990
199917006
199917014
199917022
199917030
199917048
199917055
199917063
199917071
199917089
199917097
199917105
199917113
199917121
199917139
199917147
199917154
199917162
199917170
199917188
199917196
199917204
199917212
199917220
199917238
199917246
199917253
199917261
199917279
199917287
199917295
199917303
199917311
199917329
199917337
199917345
199917352
199917360
199917378
199917386
199917394
199917402
199917410
199917428
199917436
199917444
199917451
199917469
199917477
199917485
199917493
199917501
199917519
199917527
199917535
199917543
199917550
199917568
199917576
199917584
199917592
199917600
199917618
199917626
199917634
199917642
199917659
199917667
199917675
199917683
199917691
199917709
199917717
199917725
199917733
199917741
199917758
199917766
199917774
199917782
199917790
199917808
199917816
199917824
199917832
199917840
199917857
199917865
199917873
199917881
199917899
199917907
199917915
199917923
199917931
199917949
199917956
199917964
199917972
199917980
199917998
199918004
199918012
199918020
199918038
199918046
199918053
199918061
199918079
199918087
199918095
199918103
199918111
199918129
199918137
199918145
199918152
199918160
199918178
199918186
199918194
199918202
199918210
199918228
199918236
199918244
199918251
199918269
199918277
199918285
199918293
199918301
199918319
199918327
199918335
199918343
199918350
199918368
199918376
199918384
199918392
199918400
199918418
199918426
199918434
199918442
199918459
199918467
199918475
199918483
199918491
199918509
199918517
199918525
199918533
199918541
199918558
199918566
199918574
199918582
199918590
199918608
199918616
199918624
199918632
199918640
199918657
199918665
199918673
199918681
199918699
199918707
199918715
199918723
199918731
199918749
199918756
199918764
199918772
199918780
199918798
199918806
199918814
199918822
199918830
199918848
199918855
199918863
199918871
199918889
199918897
199918905
199918913
199918921
199918939
199918947
199918954
199918962
199918970
199918988
199918996
199919002
199919010
199919028
199919036
199919044
199919051
199919069
199919077
199919085
199919093
199919101
199919119
199919127
199919135
199919143
199919150
199919168
199919176
199919184
199919192
199919200
199919218
199919226
199919234
199919242
199919259
199919267
199919275
199919283
199919291
199919309
199919317
199919325
199919333
199919341
199919358
199919366
199919374
199919382
199919390
199919408
199919416
199919424
199919432
199919440
199919457
199919465
199919473
199919481
199919499
199919507
199919515
199919523
199919531
199919549
199919556
199919564
199919572
199919580
199919598
199919606
199919614
199919622
199919630
199919648
199919655
199919663
199919671
199919689
199919697
199919705
199919713
199919721
199919739
199919747
199919754
199919762
199919770
199919788
199919796
199919804
199919812
199919820
199919838
199919846
199919853
199919861
199919879
199919887
199919895
199919903
199919911
199919929
199919937
199919945
199919952
199919960
199919978
199919986
199919994
199920000
199920018
199920026
199920034
199920042
199920059
199920067
199920075
199920083
199920091
199920109
199920117
199920125
199920133
199920141
199920158
199920166
199920174
199920182
199920190
199920208
199920216
199920224
199920232
199920240
199920257
199920265
199920273
199920281
199920299
199920307
199920315
199920323
199920331
199920349
199920356
199920364
199920372
199920380
199920398
199920406
199920414
199920422
199920430
199920448
199920455
199920463
199920471
199920489
199920497
199920505
199920513
199920521
199920539
199920547
199920554
199920562
199920570
199920588
199920596
199920604
199920612
199920620
199920638
199920646
199920653
199920661
199920679
199920687
199920695
199920703
199920711
199920729
199920737
199920745
199920752
199920760
199920778
199920786
199920794
199920802
199920810
199920828
199920836
199920844
199920851
199920869
199920877
199920885
199920893
199920901
199920919
199920927
199920935
199920943
199920950
199920968
199920976
199920984
199920992
199921008
199921016
199921024
199921032
199921040
199921057
199921065
199921073
199921081
199921099
199921107
199921115
199921123
199921131
199921149
199921156
199921164
199921172
199921180
199921198
199921206
199921214
199921222
199921230
199921248
199921255
199921263
199921271
199921289
199921297
199921305
199921313
199921321
199921339
199921347
199921354
199921362
199921370
199921388
199921396
199921404
199921412
199921420
199921438
199921446
199921453
199921461
199921479
199921487
199921495
199921503
199921511
199921529
199921537
199921545
199921552
199921560
199921578
199921586
199921594
199921602
199921610
199921628
199921636
199921644
199921651
199921669
199921677
199921685
199921693
199921701
199921719
199921727
199921735
199921743
199921750
199921768
199921776
199921784
199921792
199921800
199921818
199921826
199921834
199921842
199921859
199921867
199921875
199921883
199921891
199921909
199921917
199921925
199921933
199921941
199921958
199921966
199921974
199921982
199921990
199922006
199922014
199922022
199922030
199922048
199922055
199922063
199922071
199922089
199922097
199922105
199922113
199922121
199922139
199922147
199922154
199922162
199922170
199922188
199922196
199922204
199922212
199922220
199922238
199922246
199922253
199922261
199922279
199922287
199922295
199922303
199922311
199922329
199922337
199922345
199922352
199922360
199922378
199922386
199922394
199922402
199922410
199922428
199922436
199922444
199922451
199922469
199922477
199922485
199922493
199922501
199922519
199922527
199922535
199922543
199922550
199922568
199922576
199922584
199922592
199922600
199922618
199922626
199922634
199922642
199922659
199922667
199922675
199922683
199922691
199922709
199922717
199922725
199922733
199922741
199922758
199922766
199922774
199922782
199922790
199922808
199922816
199922824
199922832
199922840
199922857
199922865
199922873
199922881
199922899
199922907
199922915
199922923
199922931
199922949
199922956
199922964
199922972
199922980
199922998
199923004
199923012
199923020
199923038
199923046
199923053
199923061
199923079
199923087
199923095
199923103
199923111
199923129
199923137
199923145
199923152
199923160
199923178
199923186
199923194
199923202
199923210
199923228
199923236
199923244
199923251
199923269
199923277
199923285
199923293
199923301
199923319
199923327
199923335
199923343
199923350
199923368
199923376
199923384
199923392
199923400
199923418
199923426
199923434
199923442
199923459
199923467
199923475
199923483
199923491
199923509
199923517
199923525
199923533
199923541
199923558
199923566
199923574
199923582
199923590
199923608
199923616
199923624
199923632
199923640
199923657
199923665
199923673
199923681
199923699
199923707
199923715
199923723
199923731
199923749
199923756
199923764
199923772
199923780
199923798
199923806
199923814
199923822
199923830
199923848
199923855
199923863
199923871
199923889
199923897
199923905
199923913
199923921
199923939
199923947
199923954
199923962
199923970
199923988
199923996
199924002
199924010
199924028
199924036
199924044
199924051
199924069
199924077
199924085
199924093
199924101
199924119
199924127
199924135
199924143
199924150
199924168
199924176
199924184
199924192
199924200
199924218
199924226
199924234
199924242
199924259
199924267
199924275
199924283
199924291
199924309
199924317
199924325
199924333
199924341
199924358
199924366
199924374
199924382
199924390
199924408
199924416
199924424
199924432
199924440
199924457
199924465
199924473
199924481
199924499
199924507
199924515
199924523
199924531
199924549
199924556
199924564
199924572
199924580
199924598
199924606
199924614
199924622
199924630
199924648
199924655
199924663
199924671
199924689
199924697
199924705
199924713
199924721
199924739
199924747
199924754
199924762
199924770
199924788
199924796
199924804
199924812
199924820
199924838
199924846
199924853
199924861
199924879
199924887
199924895
199924903
199924911
199924929
199924937
199924945
199924952
199924960
199924978
199924986
199924994
199925009
199925017
199925025
199925033
199925041
199925058
199925066
199925074
199925082
199925090
199925108
199925116
199925124
199925132
199925140
199925157
199925165
199925173
199925181
199925199
199925207
199925215
199925223
199925231
199925249
199925256
199925264
199925272
199925280
199925298
199925306
199925314
199925322
199925330
199925348
199925355
199925363
199925371
199925389
199925397
199925405
199925413
199925421
199925439
199925447
199925454
199925462
199925470
199925488
199925496
199925504
199925512
199925520
199925538
199925546
199925553
199925561
199925579
199925587
199925595
199925603
199925611
199925629
199925637
199925645
199925652
199925660
199925678
199925686
199925694
199925702
199925710
199925728
199925736
199925744
199925751
199925769
199925777
199925785
199925793
199925801
199925819
199925827
199925835
199925843
199925850
199925868
199925876
199925884
199925892
199925900
199925918
199925926
199925934
199925942
199925959
199925967
199925975
199925983
199925991
199926007
199926015
199926023
199926031
199926049
199926056
199926064
199926072
199926080
199926098
199926106
199926114
199926122
199926130
199926148
199926155
199926163
199926171
199926189
199926197
199926205
199926213
199926221
199926239
199926247
199926254
199926262
199926270
199926288
199926296
199926304
199926312
199926320
199926338
199926346
199926353
199926361
199926379
199926387
199926395
199926403
199926411
199926429
199926437
199926445
199926452
199926460
199926478
199926486
199926494
199926502
199926510
199926528
199926536
199926544
199926551
199926569
199926577
199926585
199926593
199926601
199926619
199926627
199926635
199926643
199926650
199926668
199926676
199926684
199926692
199926700
199926718
199926726
199926734
199926742
199926759
199926767
199926775
199926783
199926791
199926809
199926817
199926825
199926833
199926841
199926858
199926866
199926874
199926882
199926890
199926908
199926916
199926924
199926932
199926940
199926957
199926965
199926973
199926981
199926999
199927005
199927013
199927021
199927039
199927047
199927054
199927062
199927070
199927088
199927096
199927104
199927112
199927120
199927138
199927146
199927153
199927161
199927179
199927187
199927195
199927203
199927211
199927229
199927237
199927245
199927252
199927260
199927278
199927286
199927294
199927302
199927310
199927328
199927336
199927344
199927351
199927369
199927377
199927385
199927393
199927401
199927419
199927427
199927435
199927443
199927450
199927468
199927476
199927484
199927492
199927500
199927518
199927526
199927534
199927542
199927559
199927567
199927575
199927583
199927591
199927609
199927617
199927625
199927633
199927641
199927658
199927666
199927674
199927682
199927690
199927708
199927716
199927724
199927732
199927740
199927757
199927765
199927773
199927781
199927799
199927807
199927815
199927823
199927831
199927849
199927856
199927864
199927872
199927880
199927898
199927906
199927914
199927922
199927930
199927948
199927955
199927963
199927971
199927989
199927997
199928003
199928011
199928029
199928037
199928045
199928052
199928060
199928078
199928086
199928094
199928102
199928110
199928128
199928136
199928144
199928151
199928169
199928177
199928185
199928193
199928201
199928219
199928227
199928235
199928243
199928250
199928268
199928276
199928284
199928292
199928300
199928318
199928326
199928334
199928342
199928359
199928367
199928375
199928383
199928391
199928409
199928417
199928425
199928433
199928441
199928458
199928466
199928474
199928482
199928490
199928508
199928516
199928524
199928532
199928540
199928557
199928565
199928573
199928581
199928599
199928607
199928615
199928623
199928631
199928649
199928656
199928664
199928672
199928680
199928698
199928706
199928714
199928722
199928730
199928748
199928755
199928763
199928771
199928789
199928797
199928805
199928813
199928821
199928839
199928847
199928854
199928862
199928870
199928888
199928896
199928904
199928912
199928920
199928938
199928946
199928953
199928961
199928979
199928987
199928995
199929001
199929019
199929027
199929035
199929043
199929050
199929068
199929076
199929084
199929092
199929100
199929118
199929126
199929134
199929142
199929159
199929167
199929175
199929183
199929191
199929209
199929217
199929225
199929233
199929241
199929258
199929266
199929274
199929282
199929290
199929308
199929316
199929324
199929332
199929340
199929357
199929365
199929373
199929381
199929399
199929407
199929415
199929423
199929431
199929449
199929456
199929464
199929472
199929480
199929498
199929506
199929514
199929522
199929530
199929548
199929555
199929563
199929571
199929589
199929597
199929605
199929613
199929621
199929639
199929647
199929654
199929662
199929670
199929688
199929696
199929704
199929712
199929720
199929738
199929746
199929753
199929761
199929779
199929787
199929795
199929803
199929811
199929829
199929837
199929845
199929852
199929860
199929878
199929886
199929894
199929902
199929910
199929928
199929936
199929944
199929951
199929969
199929977
199929985
199929993
199930009
199930017
199930025
199930033
199930041
199930058
199930066
199930074
199930082
199930090
199930108
199930116
199930124
199930132
199930140
199930157
199930165
199930173
199930181
199930199
199930207
199930215
199930223
199930231
199930249
199930256
199930264
199930272
199930280
199930298
199930306
199930314
199930322
199930330
199930348
199930355
199930363
199930371
199930389
199930397
199930405
199930413
199930421
199930439
199930447
199930454
199930462
199930470
199930488
199930496
199930504
199930512
199930520
199930538
199930546
199930553
199930561
199930579
199930587
199930595
199930603
199930611
199930629
199930637
199930645
199930652
199930660
199930678
199930686
199930694
199930702
199930710
199930728
199930736
199930744
199930751
199930769
199930777
199930785
199930793
199930801
199930819
199930827
199930835
199930843
199930850
199930868
199930876
199930884
199930892
199930900
199930918
199930926
199930934
199930942
199930959
199930967
199930975
199930983
199930991
199931007
199931015
199931023
199931031
199931049
199931056
199931064
199931072
199931080
199931098
199931106
199931114
199931122
199931130
199931148
199931155
199931163
199931171
199931189
199931197
199931205
199931213
199931221
199931239
199931247
199931254
199931262
199931270
199931288
199931296
199931304
199931312
199931320
199931338
199931346
199931353
199931361
199931379
199931387
199931395
199931403
199931411
199931429
199931437
199931445
199931452
199931460
199931478
199931486
199931494
199931502
199931510
199931528
199931536
199931544
199931551
199931569
199931577
199931585
199931593
199931601
199931619
199931627
199931635
199931643
199931650
199931668
199931676
199931684
199931692
199931700
199931718
199931726
199931734
199931742
199931759
199931767
199931775
199931783
199931791
199931809
199931817
199931825
199931833
199931841
199931858
199931866
199931874
199931882
199931890
199931908
199931916
199931924
199931932
199931940
199931957
199931965
199931973
199931981
199931999
199932005
199932013
199932021
199932039
199932047
199932054
199932062
199932070
199932088
199932096
199932104
199932112
199932120
199932138
199932146
199932153
199932161
199932179
199932187
199932195
199932203
199932211
199932229
199932237
199932245
199932252
199932260
199932278
199932286
199932294
199932302
199932310
199932328
199932336
199932344
199932351
199932369
199932377
199932385
199932393
199932401
199932419
199932427
199932435
199932443
199932450
199932468
199932476
199932484
199932492
199932500
199932518
199932526
199932534
199932542
199932559
199932567
199932575
199932583
199932591
199932609
199932617
199932625
199932633
199932641
199932658
199932666
199932674
199932682
199932690
199932708
199932716
199932724
199932732
199932740
199932757
199932765
199932773
199932781
199932799
199932807
199932815
199932823
199932831
199932849
199932856
199932864
199932872
199932880
199932898
199932906
199932914
199932922
199932930
199932948
199932955
199932963
199932971
199932989
199932997
199933003
199933011
199933029
199933037
199933045
199933052
199933060
199933078
199933086
199933094
199933102
199933110
199933128
199933136
199933144
199933151
199933169
199933177
199933185
199933193
199933201
199933219
199933227
199933235
199933243
199933250
199933268
199933276
199933284
199933292
199933300
199933318
199933326
199933334
199933342
199933359
199933367
199933375
199933383
199933391
199933409
199933417
199933425
199933433
199933441
199933458
199933466
199933474
199933482
199933490
199933508
199933516
199933524
199933532
199933540
199933557
199933565
199933573
199933581
199933599
199933607
199933615
199933623
199933631
199933649
199933656
199933664
199933672
199933680
199933698
199933706
199933714
199933722
199933730
199933748
199933755
199933763
199933771
199933789
199933797
199933805
199933813
199933821
199933839
199933847
199933854
199933862
199933870
199933888
199933896
199933904
199933912
199933920
199933938
199933946
199933953
199933961
199933979
199933987
199933995
199934001
199934019
199934027
199934035
199934043
199934050
199934068
199934076
199934084
199934092
199934100
199934118
199934126
199934134
199934142
199934159
199934167
199934175
199934183
199934191
199934209
199934217
199934225
199934233
199934241
199934258
199934266
199934274
199934282
199934290
199934308
199934316
199934324
199934332
199934340
199934357
199934365
199934373
199934381
199934399
199934407
199934415
199934423
199934431
199934449
199934456
199934464
199934472
199934480
199934498
199934506
199934514
199934522
199934530
199934548
199934555
199934563
199934571
199934589
199934597
199934605
199934613
199934621
199934639
199934647
199934654
199934662
199934670
199934688
199934696
199934704
199934712
199934720
199934738
199934746
199934753
199934761
199934779
199934787
199934795
199934803
199934811
199934829
199934837
199934845
199934852
199934860
199934878
199934886
199934894
199934902
199934910
199934928
199934936
199934944
199934951
199934969
199934977
199934985
199934993
199935008
199935016
199935024
199935032
199935040
199935057
199935065
199935073
199935081
199935099
199935107
199935115
199935123
199935131
199935149
199935156
199935164
199935172
199935180
199935198
199935206
199935214
199935222
199935230
199935248
199935255
199935263
199935271
199935289
199935297
199935305
199935313
199935321
199935339
199935347
199935354
199935362
199935370
199935388
199935396
199935404
199935412
199935420
199935438
199935446
199935453
199935461
199935479
199935487
199935495
199935503
199935511
199935529
199935537
199935545
199935552
199935560
199935578
199935586
199935594
199935602
199935610
199935628
199935636
199935644
199935651
199935669
199935677
199935685
199935693
199935701
199935719
199935727
199935735
199935743
199935750
199935768
199935776
199935784
199935792
199935800
199935818
199935826
199935834
199935842
199935859
199935867
199935875
199935883
199935891
199935909
199935917
199935925
199935933
199935941
199935958
199935966
199935974
199935982
199935990
199936006
199936014
199936022
199936030
199936048
199936055
199936063
199936071
199936089
199936097
199936105
199936113
199936121
199936139
199936147
199936154
199936162
199936170
199936188
199936196
199936204
199936212
199936220
199936238
199936246
199936253
199936261
199936279
199936287
199936295
199936303
199936311
199936329
199936337
199936345
199936352
199936360
199936378
199936386
199936394
199936402
199936410
199936428
199936436
199936444
199936451
199936469
199936477
199936485
199936493
199936501
199936519
199936527
199936535
199936543
199936550
199936568
199936576
199936584
199936592
199936600
199936618
199936626
199936634
199936642
199936659
199936667
199936675
199936683
199936691
199936709
199936717
199936725
199936733
199936741
199936758
199936766
199936774
199936782
199936790
199936808
199936816
199936824
199936832
199936840
199936857
199936865
199936873
199936881
199936899
199936907
199936915
199936923
199936931
199936949
199936956
199936964
199936972
199936980
199936998
199937004
199937012
199937020
199937038
199937046
199937053
199937061
199937079
199937087
199937095
199937103
199937111
199937129
199937137
199937145
199937152
199937160
199937178
199937186
199937194
199937202
199937210
199937228
199937236
199937244
199937251
199937269
199937277
199937285
199937293
199937301
199937319
199937327
199937335
199937343
199937350
199937368
199937376
199937384
199937392
199937400
199937418
199937426
199937434
199937442
199937459
199937467
199937475
199937483
199937491
199937509
199937517
199937525
199937533
199937541
199937558
199937566
199937574
199937582
199937590
199937608
199937616
199937624
199937632
199937640
199937657
199937665
199937673
199937681
199937699
199937707
199937715
199937723
199937731
199937749
199937756
199937764
199937772
199937780
199937798
199937806
199937814
199937822
199937830
199937848
199937855
199937863
199937871
199937889
199937897
199937905
199937913
199937921
199937939
199937947
199937954
199937962
199937970
199937988
199937996
199938002
199938010
199938028
199938036
199938044
199938051
199938069
199938077
199938085
199938093
199938101
199938119
199938127
199938135
199938143
199938150
199938168
199938176
199938184
199938192
199938200
199938218
199938226
199938234
199938242
199938259
199938267
199938275
199938283
199938291
199938309
199938317
199938325
199938333
199938341
199938358
199938366
199938374
199938382
199938390
199938408
199938416
199938424
199938432
199938440
199938457
199938465
199938473
199938481
199938499
199938507
199938515
199938523
199938531
199938549
199938556
199938564
199938572
199938580
199938598
199938606
199938614
199938622
199938630
199938648
199938655
199938663
199938671
199938689
199938697
199938705
199938713
199938721
199938739
199938747
199938754
199938762
199938770
199938788
199938796
199938804
199938812
199938820
199938838
199938846
199938853
199938861
199938879
199938887
199938895
199938903
199938911
199938929
199938937
199938945
199938952
199938960
199938978
199938986
199938994
199939000
199939018
199939026
199939034
199939042
199939059
199939067
199939075
199939083
199939091
199939109
199939117
199939125
199939133
199939141
199939158
199939166
199939174
199939182
199939190
199939208
199939216
199939224
199939232
199939240
199939257
199939265
199939273
199939281
199939299
199939307
199939315
199939323
199939331
199939349
199939356
199939364
199939372
199939380
199939398
199939406
199939414
199939422
199939430
199939448
199939455
199939463
199939471
199939489
199939497
199939505
199939513
199939521
199939539
199939547
199939554
199939562
199939570
199939588
199939596
199939604
199939612
199939620
199939638
199939646
199939653
199939661
199939679
199939687
199939695
199939703
199939711
199939729
199939737
199939745
199939752
199939760
199939778
199939786
199939794
199939802
199939810
199939828
199939836
199939844
199939851
199939869
199939877
199939885
199939893
199939901
199939919
199939927
199939935
199939943
199939950
199939968
199939976
199939984
199939992
199940008
199940016
199940024
199940032
199940040
199940057
199940065
199940073
199940081
199940099
199940107
199940115
199940123
199940131
199940149
199940156
199940164
199940172
199940180
199940198
199940206
199940214
199940222
199940230
199940248
199940255
199940263
199940271
199940289
199940297
199940305
199940313
199940321
199940339
199940347
199940354
199940362
199940370
199940388
199940396
199940404
199940412
199940420
199940438
199940446
199940453
199940461
199940479
199940487
199940495
199940503
199940511
199940529
199940537
199940545
199940552
199940560
199940578
199940586
199940594
199940602
199940610
199940628
199940636
199940644
199940651
199940669
199940677
199940685
199940693
199940701
199940719
199940727
199940735
199940743
199940750
199940768
199940776
199940784
199940792
199940800
199940818
199940826
199940834
199940842
199940859
199940867
199940875
199940883
199940891
199940909
199940917
199940925
199940933
199940941
199940958
199940966
199940974
199940982
199940990
199941006
199941014
199941022
199941030
199941048
199941055
199941063
199941071
199941089
199941097
199941105
199941113
199941121
199941139
199941147
199941154
199941162
199941170
199941188
199941196
199941204
199941212
199941220
199941238
199941246
199941253
199941261
199941279
199941287
199941295
199941303
199941311
199941329
199941337
199941345
199941352
199941360
199941378
199941386
199941394
199941402
199941410
199941428
199941436
199941444
199941451
199941469
199941477
199941485
199941493
199941501
199941519
199941527
199941535
199941543
199941550
199941568
199941576
199941584
199941592
199941600
199941618
199941626
199941634
199941642
199941659
199941667
199941675
199941683
199941691
199941709
199941717
199941725
199941733
199941741
199941758
199941766
199941774
199941782
199941790
199941808
199941816
199941824
199941832
199941840
199941857
199941865
199941873
199941881
199941899
199941907
199941915
199941923
199941931
199941949
199941956
199941964
199941972
199941980
199941998
199942004
199942012
199942020
199942038
199942046
199942053
199942061
199942079
199942087
199942095
199942103
199942111
199942129
199942137
199942145
199942152
199942160
199942178
199942186
199942194
199942202
199942210
199942228
199942236
199942244
199942251
199942269
199942277
199942285
199942293
199942301
199942319
199942327
199942335
199942343
199942350
199942368
199942376
199942384
199942392
199942400
199942418
199942426
199942434
199942442
199942459
199942467
199942475
199942483
199942491
199942509
199942517
199942525
199942533
199942541
199942558
199942566
199942574
199942582
199942590
199942608
199942616
199942624
199942632
199942640
199942657
199942665
199942673
199942681
199942699
199942707
199942715
199942723
199942731
199942749
199942756
199942764
199942772
199942780
199942798
199942806
199942814
199942822
199942830
199942848
199942855
199942863
199942871
199942889
199942897
199942905
199942913
199942921
199942939
199942947
199942954
199942962
199942970
199942988
199942996
199943002
199943010
199943028
199943036
199943044
199943051
199943069
199943077
199943085
199943093
199943101
199943119
199943127
199943135
199943143
199943150
199943168
199943176
199943184
199943192
199943200
199943218
199943226
199943234
199943242
199943259
199943267
199943275
199943283
199943291
199943309
199943317
199943325
199943333
199943341
199943358
199943366
199943374
199943382
199943390
199943408
199943416
199943424
199943432
199943440
199943457
199943465
199943473
199943481
199943499
199943507
199943515
199943523
199943531
199943549
199943556
199943564
199943572
199943580
199943598
199943606
199943614
199943622
199943630
199943648
199943655
199943663
199943671
199943689
199943697
199943705
199943713
199943721
199943739
199943747
199943754
199943762
199943770
199943788
199943796
199943804
199943812
199943820
199943838
199943846
199943853
199943861
199943879
199943887
199943895
199943903
199943911
199943929
199943937
199943945
199943952
199943960
199943978
199943986
199943994
199944000
199944018
199944026
199944034
199944042
199944059
199944067
199944075
199944083
199944091
199944109
199944117
199944125
199944133
199944141
199944158
199944166
199944174
199944182
199944190
199944208
199944216
199944224
199944232
199944240
199944257
199944265
199944273
199944281
199944299
199944307
199944315
199944323
199944331
199944349
199944356
199944364
199944372
199944380
199944398
199944406
199944414
199944422
199944430
199944448
199944455
199944463
199944471
199944489
199944497
199944505
199944513
199944521
199944539
199944547
199944554
199944562
199944570
199944588
199944596
199944604
199944612
199944620
199944638
199944646
199944653
199944661
199944679
199944687
199944695
199944703
199944711
199944729
199944737
199944745
199944752
199944760
199944778
199944786
199944794
199944802
199944810
199944828
199944836
199944844
199944851
199944869
199944877
199944885
199944893
199944901
199944919
199944927
199944935
199944943
199944950
199944968
199944976
199944984
199944992
199945007
199945015
199945023
199945031
199945049
199945056
199945064
199945072
199945080
199945098
199945106
199945114
199945122
199945130
199945148
199945155
199945163
199945171
199945189
199945197
199945205
199945213
199945221
199945239
199945247
199945254
199945262
199945270
199945288
199945296
199945304
199945312
199945320
199945338
199945346
199945353
199945361
199945379
199945387
199945395
199945403
199945411
199945429
199945437
199945445
199945452
199945460
199945478
199945486
199945494
199945502
199945510
199945528
199945536
199945544
199945551
199945569
199945577
199945585
199945593
199945601
199945619
199945627
199945635
199945643
199945650
199945668
199945676
199945684
199945692
199945700
199945718
199945726
199945734
199945742
199945759
199945767
199945775
199945783
199945791
199945809
199945817
199945825
199945833
199945841
199945858
199945866
199945874
199945882
199945890
199945908
199945916
199945924
199945932
199945940
199945957
199945965
199945973
199945981
199945999
199946005
199946013
199946021
199946039
199946047
199946054
199946062
199946070
199946088
199946096
199946104
199946112
199946120
199946138
199946146
199946153
199946161
199946179
199946187
199946195
199946203
199946211
199946229
199946237
199946245
199946252
199946260
199946278
199946286
199946294
199946302
199946310
199946328
199946336
199946344
199946351
199946369
199946377
199946385
199946393
199946401
199946419
199946427
199946435
199946443
199946450
199946468
199946476
199946484
199946492
199946500
199946518
199946526
199946534
199946542
199946559
199946567
199946575
199946583
199946591
199946609
199946617
199946625
199946633
199946641
199946658
199946666
199946674
199946682
199946690
199946708
199946716
199946724
199946732
199946740
199946757
199946765
199946773
199946781
199946799
199946807
199946815
199946823
199946831
199946849
199946856
199946864
199946872
199946880
199946898
199946906
199946914
199946922
199946930
199946948
199946955
199946963
199946971
199946989
199946997
199947003
199947011
199947029
199947037
199947045
199947052
199947060
199947078
199947086
199947094
199947102
199947110
199947128
199947136
199947144
199947151
199947169
199947177
199947185
199947193
199947201
199947219
199947227
199947235
199947243
199947250
199947268
199947276
199947284
199947292
199947300
199947318
199947326
199947334
199947342
199947359
199947367
199947375
199947383
199947391
199947409
199947417
199947425
199947433
199947441
199947458
199947466
199947474
199947482
199947490
199947508
199947516
199947524
199947532
199947540
199947557
199947565
199947573
199947581
199947599
199947607
199947615
199947623
199947631
199947649
199947656
199947664
199947672
199947680
199947698
199947706
199947714
199947722
199947730
199947748
199947755
199947763
199947771
199947789
199947797
199947805
199947813
199947821
199947839
199947847
199947854
199947862
199947870
199947888
199947896
199947904
199947912
199947920
199947938
199947946
199947953
199947961
199947979
199947987
199947995
199948001
199948019
199948027
199948035
199948043
199948050
199948068
199948076
199948084
199948092
199948100
199948118
199948126
199948134
199948142
199948159
199948167
199948175
199948183
199948191
199948209
199948217
199948225
199948233
199948241
199948258
199948266
199948274
199948282
199948290
199948308
199948316
199948324
199948332
199948340
199948357
199948365
199948373
199948381
199948399
199948407
199948415
199948423
199948431
199948449
199948456
199948464
199948472
199948480
199948498
199948506
199948514
199948522
199948530
199948548
199948555
199948563
199948571
199948589
199948597
199948605
199948613
199948621
199948639
199948647
199948654
199948662
199948670
199948688
199948696
199948704
199948712
199948720
199948738
199948746
199948753
199948761
199948779
199948787
199948795
199948803
199948811
199948829
199948837
199948845
199948852
199948860
199948878
199948886
199948894
199948902
199948910
199948928
199948936
199948944
199948951
199948969
199948977
199948985
199948993
199949009
199949017
199949025
199949033
199949041
199949058
199949066
199949074
199949082
199949090
199949108
199949116
199949124
199949132
199949140
199949157
199949165
199949173
199949181
199949199
199949207
199949215
199949223
199949231
199949249
199949256
199949264
199949272
199949280
199949298
199949306
199949314
199949322
199949330
199949348
199949355
199949363
199949371
199949389
199949397
199949405
199949413
199949421
199949439
199949447
199949454
199949462
199949470
199949488
199949496
199949504
199949512
199949520
199949538
199949546
199949553
199949561
199949579
199949587
199949595
199949603
199949611
199949629
199949637
199949645
199949652
199949660
199949678
199949686
199949694
199949702
199949710
199949728
199949736
199949744
199949751
199949769
199949777
199949785
199949793
199949801
199949819
199949827
199949835
199949843
199949850
199949868
199949876
199949884
199949892
199949900
199949918
199949926
199949934
199949942
199949959
199949967
199949975
199949983
199949991
199950007
199950015
199950023
199950031
199950049
199950056
199950064
199950072
199950080
199950098
199950106
199950114
199950122
199950130
199950148
199950155
199950163
199950171
199950189
199950197
199950205
199950213
199950221
199950239
199950247
199950254
199950262
199950270
199950288
199950296
199950304
199950312
199950320
199950338
199950346
199950353
199950361
199950379
199950387
199950395
199950403
199950411
199950429
199950437
199950445
199950452
199950460
199950478
199950486
199950494
199950502
199950510
199950528
199950536
199950544
199950551
199950569
199950577
199950585
199950593
199950601
199950619
199950627
199950635
199950643
199950650
199950668
199950676
199950684
199950692
199950700
199950718
199950726
199950734
199950742
199950759
199950767
199950775
199950783
199950791
199950809
199950817
199950825
199950833
199950841
199950858
199950866
199950874
199950882
199950890
199950908
199950916
199950924
199950932
199950940
199950957
199950965
199950973
199950981
199950999
199951005
199951013
199951021
199951039
199951047
199951054
199951062
199951070
199951088
199951096
199951104
199951112
199951120
199951138
199951146
199951153
199951161
199951179
199951187
199951195
199951203
199951211
199951229
199951237
199951245
199951252
199951260
199951278
199951286
199951294
199951302
199951310
199951328
199951336
199951344
199951351
199951369
199951377
199951385
199951393
199951401
199951419
199951427
199951435
199951443
199951450
199951468
199951476
199951484
199951492
199951500
199951518
199951526
199951534
199951542
199951559
199951567
199951575
199951583
199951591
199951609
199951617
199951625
199951633
199951641
199951658
199951666
199951674
199951682
199951690
199951708
199951716
199951724
199951732
199951740
199951757
199951765
199951773
199951781
199951799
199951807
199951815
199951823
199951831
199951849
199951856
199951864
199951872
199951880
199951898
199951906
199951914
199951922
199951930
199951948
199951955
199951963
199951971
199951989
199951997
199952003
199952011
199952029
199952037
199952045
199952052
199952060
199952078
199952086
199952094
199952102
199952110
199952128
199952136
199952144
199952151
199952169
199952177
199952185
199952193
199952201
199952219
199952227
199952235
199952243
199952250
199952268
199952276
199952284
199952292
199952300
199952318
199952326
199952334
199952342
199952359
199952367
199952375
199952383
199952391
199952409
199952417
199952425
199952433
199952441
199952458
199952466
199952474
199952482
199952490
199952508
199952516
199952524
199952532
199952540
199952557
199952565
199952573
199952581
199952599
199952607
199952615
199952623
199952631
199952649
199952656
199952664
199952672
199952680
199952698
199952706
199952714
199952722
199952730
199952748
199952755
199952763
199952771
199952789
199952797
199952805
199952813
199952821
199952839
199952847
199952854
199952862
199952870
199952888
199952896
199952904
199952912
199952920
199952938
199952946
199952953
199952961
199952979
199952987
199952995
199953001
199953019
199953027
199953035
199953043
199953050
199953068
199953076
199953084
199953092
199953100
199953118
199953126
199953134
199953142
199953159
199953167
199953175
199953183
199953191
199953209
199953217
199953225
199953233
199953241
199953258
199953266
199953274
199953282
199953290
199953308
199953316
199953324
199953332
199953340
199953357
199953365
199953373
199953381
199953399
199953407
199953415
199953423
199953431
199953449
199953456
199953464
199953472
199953480
199953498
199953506
199953514
199953522
199953530
199953548
199953555
199953563
199953571
199953589
199953597
199953605
199953613
199953621
199953639
199953647
199953654
199953662
199953670
199953688
199953696
199953704
199953712
199953720
199953738
199953746
199953753
199953761
199953779
199953787
199953795
199953803
199953811
199953829
199953837
199953845
199953852
199953860
199953878
199953886
199953894
199953902
199953910
199953928
199953936
199953944
199953951
199953969
199953977
199953985
199953993
199954009
199954017
199954025
199954033
199954041
199954058
199954066
199954074
199954082
199954090
199954108
199954116
199954124
199954132
199954140
199954157
199954165
199954173
199954181
199954199
199954207
199954215
199954223
199954231
199954249
199954256
199954264
199954272
199954280
199954298
199954306
199954314
199954322
199954330
199954348
199954355
199954363
199954371
199954389
199954397
199954405
199954413
199954421
199954439
199954447
199954454
199954462
199954470
199954488
199954496
199954504
199954512
199954520
199954538
199954546
199954553
199954561
199954579
199954587
199954595
199954603
199954611
199954629
199954637
199954645
199954652
199954660
199954678
199954686
199954694
199954702
199954710
199954728
199954736
199954744
199954751
199954769
199954777
199954785
199954793
199954801
199954819
199954827
199954835
199954843
199954850
199954868
199954876
199954884
199954892
199954900
199954918
199954926
199954934
199954942
199954959
199954967
199954975
199954983
199954991
199955006
199955014
199955022
199955030
199955048
199955055
199955063
199955071
199955089
199955097
199955105
199955113
199955121
199955139
199955147
199955154
199955162
199955170
199955188
199955196
199955204
199955212
199955220
199955238
199955246
199955253
199955261
199955279
199955287
199955295
199955303
199955311
199955329
199955337
199955345
199955352
199955360
199955378
199955386
199955394
199955402
199955410
199955428
199955436
199955444
199955451
199955469
199955477
199955485
199955493
199955501
199955519
199955527
199955535
199955543
199955550
199955568
199955576
199955584
199955592
199955600
199955618
199955626
199955634
199955642
199955659
199955667
199955675
199955683
199955691
199955709
199955717
199955725
199955733
199955741
199955758
199955766
199955774
199955782
199955790
199955808
199955816
199955824
199955832
199955840
199955857
199955865
199955873
199955881
199955899
199955907
199955915
199955923
199955931
199955949
199955956
199955964
199955972
199955980
199955998
199956004
199956012
199956020
199956038
199956046
199956053
199956061
199956079
199956087
199956095
199956103
199956111
199956129
199956137
199956145
199956152
199956160
199956178
199956186
199956194
199956202
199956210
199956228
199956236
199956244
199956251
199956269
199956277
199956285
199956293
199956301
199956319
199956327
199956335
199956343
199956350
199956368
199956376
199956384
199956392
199956400
199956418
199956426
199956434
199956442
199956459
199956467
199956475
199956483
199956491
199956509
199956517
199956525
199956533
199956541
199956558
199956566
199956574
199956582
199956590
199956608
199956616
199956624
199956632
199956640
199956657
199956665
199956673
199956681
199956699
199956707
199956715
199956723
199956731
199956749
199956756
199956764
199956772
199956780
199956798
199956806
199956814
199956822
199956830
199956848
199956855
199956863
199956871
199956889
199956897
199956905
199956913
199956921
199956939
199956947
199956954
199956962
199956970
199956988
199956996
199957002
199957010
199957028
199957036
199957044
199957051
199957069
199957077
199957085
199957093
199957101
199957119
199957127
199957135
199957143
199957150
199957168
199957176
199957184
199957192
199957200
199957218
199957226
199957234
199957242
199957259
199957267
199957275
199957283
199957291
199957309
199957317
199957325
199957333
199957341
199957358
199957366
199957374
199957382
199957390
199957408
199957416
199957424
199957432
199957440
199957457
199957465
199957473
199957481
199957499
199957507
199957515
199957523
199957531
199957549
199957556
199957564
199957572
199957580
199957598
199957606
199957614
199957622
199957630
199957648
199957655
199957663
199957671
199957689
199957697
199957705
199957713
199957721
199957739
199957747
199957754
199957762
199957770
199957788
199957796
199957804
199957812
199957820
199957838
199957846
199957853
199957861
199957879
199957887
199957895
199957903
199957911
199957929
199957937
199957945
199957952
199957960
199957978
199957986
199957994
199958000
199958018
199958026
199958034
199958042
199958059
199958067
199958075
199958083
199958091
199958109
199958117
199958125
199958133
199958141
199958158
199958166
199958174
199958182
199958190
199958208
199958216
199958224
199958232
199958240
199958257
199958265
199958273
199958281
199958299
199958307
199958315
199958323
199958331
199958349
199958356
199958364
199958372
199958380
199958398
199958406
199958414
199958422
199958430
199958448
199958455
199958463
199958471
199958489
199958497
199958505
199958513
199958521
199958539
199958547
199958554
199958562
199958570
199958588
199958596
199958604
199958612
199958620
199958638
199958646
199958653
199958661
199958679
199958687
199958695
199958703
199958711
199958729
199958737
199958745
199958752
199958760
199958778
199958786
199958794
199958802
199958810
199958828
199958836
199958844
199958851
199958869
199958877
199958885
199958893
199958901
199958919
199958927
199958935
199958943
199958950
199958968
199958976
199958984
199958992
199959008
199959016
199959024
199959032
199959040
199959057
199959065
199959073
199959081
199959099
199959107
199959115
199959123
199959131
199959149
199959156
199959164
199959172
199959180
199959198
199959206
199959214
199959222
199959230
199959248
199959255
199959263
199959271
199959289
199959297
199959305
199959313
199959321
199959339
199959347
199959354
199959362
199959370
199959388
199959396
199959404
199959412
199959420
199959438
199959446
199959453
199959461
199959479
199959487
199959495
199959503
199959511
199959529
199959537
199959545
199959552
199959560
199959578
199959586
199959594
199959602
199959610
199959628
199959636
199959644
199959651
199959669
199959677
199959685
199959693
199959701
199959719
199959727
199959735
199959743
199959750
199959768
199959776
199959784
199959792
199959800
199959818
199959826
199959834
199959842
199959859
199959867
199959875
199959883
199959891
199959909
199959917
199959925
199959933
199959941
199959958
199959966
199959974
199959982
199959990
199960006
199960014
199960022
199960030
199960048
199960055
199960063
199960071
199960089
199960097
199960105
199960113
199960121
199960139
199960147
199960154
199960162
199960170
199960188
199960196
199960204
199960212
199960220
199960238
199960246
199960253
199960261
199960279
199960287
199960295
199960303
199960311
199960329
199960337
199960345
199960352
199960360
199960378
199960386
199960394
199960402
199960410
199960428
199960436
199960444
199960451
199960469
199960477
199960485
199960493
199960501
199960519
199960527
199960535
199960543
199960550
199960568
199960576
199960584
199960592
199960600
199960618
199960626
199960634
199960642
199960659
199960667
199960675
199960683
199960691
199960709
199960717
199960725
199960733
199960741
199960758
199960766
199960774
199960782
199960790
199960808
199960816
199960824
199960832
199960840
199960857
199960865
199960873
199960881
199960899
199960907
199960915
199960923
199960931
199960949
199960956
199960964
199960972
199960980
199960998
199961004
199961012
199961020
199961038
199961046
199961053
199961061
199961079
199961087
199961095
199961103
199961111
199961129
199961137
199961145
199961152
199961160
199961178
199961186
199961194
199961202
199961210
199961228
199961236
199961244
199961251
199961269
199961277
199961285
199961293
199961301
199961319
199961327
199961335
199961343
199961350
199961368
199961376
199961384
199961392
199961400
199961418
199961426
199961434
199961442
199961459
199961467
199961475
199961483
199961491
199961509
199961517
199961525
199961533
199961541
199961558
199961566
199961574
199961582
199961590
199961608
199961616
199961624
199961632
199961640
199961657
199961665
199961673
199961681
199961699
199961707
199961715
199961723
199961731
199961749
199961756
199961764
199961772
199961780
199961798
199961806
199961814
199961822
199961830
199961848
199961855
199961863
199961871
199961889
199961897
199961905
199961913
199961921
199961939
199961947
199961954
199961962
199961970
199961988
199961996
199962002
199962010
199962028
199962036
199962044
199962051
199962069
199962077
199962085
199962093
199962101
199962119
199962127
199962135
199962143
199962150
199962168
199962176
199962184
199962192
199962200
199962218
199962226
199962234
199962242
199962259
199962267
199962275
199962283
199962291
199962309
199962317
199962325
199962333
199962341
199962358
199962366
199962374
199962382
199962390
199962408
199962416
199962424
199962432
199962440
199962457
199962465
199962473
199962481
199962499
199962507
199962515
199962523
199962531
199962549
199962556
199962564
199962572
199962580
199962598
199962606
199962614
199962622
199962630
199962648
199962655
199962663
199962671
199962689
199962697
199962705
199962713
199962721
199962739
199962747
199962754
199962762
199962770
199962788
199962796
199962804
199962812
199962820
199962838
199962846
199962853
199962861
199962879
199962887
199962895
199962903
199962911
199962929
199962937
199962945
199962952
199962960
199962978
199962986
199962994
199963000
199963018
199963026
199963034
199963042
199963059
199963067
199963075
199963083
199963091
199963109
199963117
199963125
199963133
199963141
199963158
199963166
199963174
199963182
199963190
199963208
199963216
199963224
199963232
199963240
199963257
199963265
199963273
199963281
199963299
199963307
199963315
199963323
199963331
199963349
199963356
199963364
199963372
199963380
199963398
199963406
199963414
199963422
199963430
199963448
199963455
199963463
199963471
199963489
199963497
199963505
199963513
199963521
199963539
199963547
199963554
199963562
199963570
199963588
199963596
199963604
199963612
199963620
199963638
199963646
199963653
199963661
199963679
199963687
199963695
199963703
199963711
199963729
199963737
199963745
199963752
199963760
199963778
199963786
199963794
199963802
199963810
199963828
199963836
199963844
199963851
199963869
199963877
199963885
199963893
199963901
199963919
199963927
199963935
199963943
199963950
199963968
199963976
199963984
199963992
199964008
199964016
199964024
199964032
199964040
199964057
199964065
199964073
199964081
199964099
199964107
199964115
199964123
199964131
199964149
199964156
199964164
199964172
199964180
199964198
199964206
199964214
199964222
199964230
199964248
199964255
199964263
199964271
199964289
199964297
199964305
199964313
199964321
199964339
199964347
199964354
199964362
199964370
199964388
199964396
199964404
199964412
199964420
199964438
199964446
199964453
199964461
199964479
199964487
199964495
199964503
199964511
199964529
199964537
199964545
199964552
199964560
199964578
199964586
199964594
199964602
199964610
199964628
199964636
199964644
199964651
199964669
199964677
199964685
199964693
199964701
199964719
199964727
199964735
199964743
199964750
199964768
199964776
199964784
199964792
199964800
199964818
199964826
199964834
199964842
199964859
199964867
199964875
199964883
199964891
199964909
199964917
199964925
199964933
199964941
199964958
199964966
199964974
199964982
199964990
199965005
199965013
199965021
199965039
199965047
199965054
199965062
199965070
199965088
199965096
199965104
199965112
199965120
199965138
199965146
199965153
199965161
199965179
199965187
199965195
199965203
199965211
199965229
199965237
199965245
199965252
199965260
199965278
199965286
199965294
199965302
199965310
199965328
199965336
199965344
199965351
199965369
199965377
199965385
199965393
199965401
199965419
199965427
199965435
199965443
199965450
199965468
199965476
199965484
199965492
199965500
199965518
199965526
199965534
199965542
199965559
199965567
199965575
199965583
199965591
199965609
199965617
199965625
199965633
199965641
199965658
199965666
199965674
199965682
199965690
199965708
199965716
199965724
199965732
199965740
199965757
199965765
199965773
199965781
199965799
199965807
199965815
199965823
199965831
199965849
199965856
199965864
199965872
199965880
199965898
199965906
199965914
199965922
199965930
199965948
199965955
199965963
199965971
199965989
199965997
199966003
199966011
199966029
199966037
199966045
199966052
199966060
199966078
199966086
199966094
199966102
199966110
199966128
199966136
199966144
199966151
199966169
199966177
199966185
199966193
199966201
199966219
199966227
199966235
199966243
199966250
199966268
199966276
199966284
199966292
199966300
199966318
199966326
199966334
199966342
199966359
199966367
199966375
199966383
199966391
199966409
199966417
199966425
199966433
199966441
199966458
199966466
199966474
199966482
199966490
199966508
199966516
199966524
199966532
199966540
199966557
199966565
199966573
199966581
199966599
199966607
199966615
199966623
199966631
199966649
199966656
199966664
199966672
199966680
199966698
199966706
199966714
199966722
199966730
199966748
199966755
199966763
199966771
199966789
199966797
199966805
199966813
199966821
199966839
199966847
199966854
199966862
199966870
199966888
199966896
199966904
199966912
199966920
199966938
199966946
199966953
199966961
199966979
199966987
199966995
199967001
199967019
199967027
199967035
199967043
199967050
199967068
199967076
199967084
199967092
199967100
199967118
199967126
199967134
199967142
199967159
199967167
199967175
199967183
199967191
199967209
199967217
199967225
199967233
199967241
199967258
199967266
199967274
199967282
199967290
199967308
199967316
199967324
199967332
199967340
199967357
199967365
199967373
199967381
199967399
199967407
199967415
199967423
199967431
199967449
199967456
199967464
199967472
199967480
199967498
199967506
199967514
199967522
199967530
199967548
199967555
199967563
199967571
199967589
199967597
199967605
199967613
199967621
199967639
199967647
199967654
199967662
199967670
199967688
199967696
199967704
199967712
199967720
199967738
199967746
199967753
199967761
199967779
199967787
199967795
199967803
199967811
199967829
199967837
199967845
199967852
199967860
199967878
199967886
199967894
199967902
199967910
199967928
199967936
199967944
199967951
199967969
199967977
199967985
199967993
199968009
199968017
199968025
199968033
199968041
199968058
199968066
199968074
199968082
199968090
199968108
199968116
199968124
199968132
199968140
199968157
199968165
199968173
199968181
199968199
199968207
199968215
199968223
199968231
199968249
199968256
199968264
199968272
199968280
199968298
199968306
199968314
199968322
199968330
199968348
199968355
199968363
199968371
199968389
199968397
199968405
199968413
199968421
199968439
199968447
199968454
199968462
199968470
199968488
199968496
199968504
199968512
199968520
199968538
199968546
199968553
199968561
199968579
199968587
199968595
199968603
199968611
199968629
199968637
199968645
199968652
199968660
199968678
199968686
199968694
199968702
199968710
199968728
199968736
199968744
199968751
199968769
199968777
199968785
199968793
199968801
199968819
199968827
199968835
199968843
199968850
199968868
199968876
199968884
199968892
199968900
199968918
199968926
199968934
199968942
199968959
199968967
199968975
199968983
199968991
199969007
199969015
199969023
199969031
199969049
199969056
199969064
199969072
199969080
199969098
199969106
199969114
199969122
199969130
199969148
199969155
199969163
199969171
199969189
199969197
199969205
199969213
199969221
199969239
199969247
199969254
199969262
199969270
199969288
199969296
199969304
199969312
199969320
199969338
199969346
199969353
199969361
199969379
199969387
199969395
199969403
199969411
199969429
199969437
199969445
199969452
199969460
199969478
199969486
199969494
199969502
199969510
199969528
199969536
199969544
199969551
199969569
199969577
199969585
199969593
199969601
199969619
199969627
199969635
199969643
199969650
199969668
199969676
199969684
199969692
199969700
199969718
199969726
199969734
199969742
199969759
199969767
199969775
199969783
199969791
199969809
199969817
199969825
199969833
199969841
199969858
199969866
199969874
199969882
199969890
199969908
199969916
199969924
199969932
199969940
199969957
199969965
199969973
199969981
199969999
199970005
199970013
199970021
199970039
199970047
199970054
199970062
199970070
199970088
199970096
199970104
199970112
199970120
199970138
199970146
199970153
199970161
199970179
199970187
199970195
199970203
199970211
199970229
199970237
199970245
199970252
199970260
199970278
199970286
199970294
199970302
199970310
199970328
199970336
199970344
199970351
199970369
199970377
199970385
199970393
199970401
199970419
199970427
199970435
199970443
199970450
199970468
199970476
199970484
199970492
199970500
199970518
199970526
199970534
199970542
199970559
199970567
199970575
199970583
199970591
199970609
199970617
199970625
199970633
199970641
199970658
199970666
199970674
199970682
199970690
199970708
199970716
199970724
199970732
199970740
199970757
199970765
199970773
199970781
199970799
199970807
199970815
199970823
199970831
199970849
199970856
199970864
199970872
199970880
199970898
199970906
199970914
199970922
199970930
199970948
199970955
199970963
199970971
199970989
199970997
199971003
199971011
199971029
199971037
199971045
199971052
199971060
199971078
199971086
199971094
199971102
199971110
199971128
199971136
199971144
199971151
199971169
199971177
199971185
199971193
199971201
199971219
199971227
199971235
199971243
199971250
199971268
199971276
199971284
199971292
199971300
199971318
199971326
199971334
199971342
199971359
199971367
199971375
199971383
199971391
199971409
199971417
199971425
199971433
199971441
199971458
199971466
199971474
199971482
199971490
199971508
199971516
199971524
199971532
199971540
199971557
199971565
199971573
199971581
199971599
199971607
199971615
199971623
199971631
199971649
199971656
199971664
199971672
199971680
199971698
199971706
199971714
199971722
199971730
199971748
199971755
199971763
199971771
199971789
199971797
199971805
199971813
199971821
199971839
199971847
199971854
199971862
199971870
199971888
199971896
199971904
199971912
199971920
199971938
199971946
199971953
199971961
199971979
199971987
199971995
199972001
199972019
199972027
199972035
199972043
199972050
199972068
199972076
199972084
199972092
199972100
199972118
199972126
199972134
199972142
199972159
199972167
199972175
199972183
199972191
199972209
199972217
199972225
199972233
199972241
199972258
199972266
199972274
199972282
199972290
199972308
199972316
199972324
199972332
199972340
199972357
199972365
199972373
199972381
199972399
199972407
199972415
199972423
199972431
199972449
199972456
199972464
199972472
199972480
199972498
199972506
199972514
199972522
199972530
199972548
199972555
199972563
199972571
199972589
199972597
199972605
199972613
199972621
199972639
199972647
199972654
199972662
199972670
199972688
199972696
199972704
199972712
199972720
199972738
199972746
199972753
199972761
199972779
199972787
199972795
199972803
199972811
199972829
199972837
199972845
199972852
199972860
199972878
199972886
199972894
199972902
199972910
199972928
199972936
199972944
199972951
199972969
199972977
199972985
199972993
199973009
199973017
199973025
199973033
199973041
199973058
199973066
199973074
199973082
199973090
199973108
199973116
199973124
199973132
199973140
199973157
199973165
199973173
199973181
199973199
199973207
199973215
199973223
199973231
199973249
199973256
199973264
199973272
199973280
199973298
199973306
199973314
199973322
199973330
199973348
199973355
199973363
199973371
199973389
199973397
199973405
199973413
199973421
199973439
199973447
199973454
199973462
199973470
199973488
199973496
199973504
199973512
199973520
199973538
199973546
199973553
199973561
199973579
199973587
199973595
199973603
199973611
199973629
199973637
199973645
199973652
199973660
199973678
199973686
199973694
199973702
199973710
199973728
199973736
199973744
199973751
199973769
199973777
199973785
199973793
199973801
199973819
199973827
199973835
199973843
199973850
199973868
199973876
199973884
199973892
199973900
199973918
199973926
199973934
199973942
199973959
199973967
199973975
199973983
199973991
199974007
199974015
199974023
199974031
199974049
199974056
199974064
199974072
199974080
199974098
199974106
199974114
199974122
199974130
199974148
199974155
199974163
199974171
199974189
199974197
199974205
199974213
199974221
199974239
199974247
199974254
199974262
199974270
199974288
199974296
199974304
199974312
199974320
199974338
199974346
199974353
199974361
199974379
199974387
199974395
199974403
199974411
199974429
199974437
199974445
199974452
199974460
199974478
199974486
199974494
199974502
199974510
199974528
199974536
199974544
199974551
199974569
199974577
199974585
199974593
199974601
199974619
199974627
199974635
199974643
199974650
199974668
199974676
199974684
199974692
199974700
199974718
199974726
199974734
199974742
199974759
199974767
199974775
199974783
199974791
199974809
199974817
199974825
199974833
199974841
199974858
199974866
199974874
199974882
199974890
199974908
199974916
199974924
199974932
199974940
199974957
199974965
199974973
199974981
199974999
199975004
199975012
199975020
199975038
199975046
199975053
199975061
199975079
199975087
199975095
199975103
199975111
199975129
199975137
199975145
199975152
199975160
199975178
199975186
199975194
199975202
199975210
199975228
199975236
199975244
199975251
199975269
199975277
199975285
199975293
199975301
199975319
199975327
199975335
199975343
199975350
199975368
199975376
199975384
199975392
199975400
199975418
199975426
199975434
199975442
199975459
199975467
199975475
199975483
199975491
199975509
199975517
199975525
199975533
199975541
199975558
199975566
199975574
199975582
199975590
199975608
199975616
199975624
199975632
199975640
199975657
199975665
199975673
199975681
199975699
199975707
199975715
199975723
199975731
199975749
199975756
199975764
199975772
199975780
199975798
199975806
199975814
199975822
199975830
199975848
199975855
199975863
199975871
199975889
199975897
199975905
199975913
199975921
199975939
199975947
199975954
199975962
199975970
199975988
199975996
199976002
199976010
199976028
199976036
199976044
199976051
199976069
199976077
199976085
199976093
199976101
199976119
199976127
199976135
199976143
199976150
199976168
199976176
199976184
199976192
199976200
199976218
199976226
199976234
199976242
199976259
199976267
199976275
199976283
199976291
199976309
199976317
199976325
199976333
199976341
199976358
199976366
199976374
199976382
199976390
199976408
199976416
199976424
199976432
199976440
199976457
199976465
199976473
199976481
199976499
199976507
199976515
199976523
199976531
199976549
199976556
199976564
199976572
199976580
199976598
199976606
199976614
199976622
199976630
199976648
199976655
199976663
199976671
199976689
199976697
199976705
199976713
199976721
199976739
199976747
199976754
199976762
199976770
199976788
199976796
199976804
199976812
199976820
199976838
199976846
199976853
199976861
199976879
199976887
199976895
199976903
199976911
199976929
199976937
199976945
199976952
199976960
199976978
199976986
199976994
199977000
199977018
199977026
199977034
199977042
199977059
199977067
199977075
199977083
199977091
199977109
199977117
199977125
199977133
199977141
199977158
199977166
199977174
199977182
199977190
199977208
199977216
199977224
199977232
199977240
199977257
199977265
199977273
199977281
199977299
199977307
199977315
199977323
199977331
199977349
199977356
199977364
199977372
199977380
199977398
199977406
199977414
199977422
199977430
199977448
199977455
199977463
199977471
199977489
199977497
199977505
199977513
199977521
199977539
199977547
199977554
199977562
199977570
199977588
199977596
199977604
199977612
199977620
199977638
199977646
199977653
199977661
199977679
199977687
199977695
199977703
199977711
199977729
199977737
199977745
199977752
199977760
199977778
199977786
199977794
199977802
199977810
199977828
199977836
199977844
199977851
199977869
199977877
199977885
199977893
199977901
199977919
199977927
199977935
199977943
199977950
199977968
199977976
199977984
199977992
199978008
199978016
199978024
199978032
199978040
199978057
199978065
199978073
199978081
199978099
199978107
199978115
199978123
199978131
199978149
199978156
199978164
199978172
199978180
199978198
199978206
199978214
199978222
199978230
199978248
199978255
199978263
199978271
199978289
199978297
199978305
199978313
199978321
199978339
199978347
199978354
199978362
199978370
199978388
199978396
199978404
199978412
199978420
199978438
199978446
199978453
199978461
199978479
199978487
199978495
199978503
199978511
199978529
199978537
199978545
199978552
199978560
199978578
199978586
199978594
199978602
199978610
199978628
199978636
199978644
199978651
199978669
199978677
199978685
199978693
199978701
199978719
199978727
199978735
199978743
199978750
199978768
199978776
199978784
199978792
199978800
199978818
199978826
199978834
199978842
199978859
199978867
199978875
199978883
199978891
199978909
199978917
199978925
199978933
199978941
199978958
199978966
199978974
199978982
199978990
199979006
199979014
199979022
199979030
199979048
199979055
199979063
199979071
199979089
199979097
199979105
199979113
199979121
199979139
199979147
199979154
199979162
199979170
199979188
199979196
199979204
199979212
199979220
199979238
199979246
199979253
199979261
199979279
199979287
199979295
199979303
199979311
199979329
199979337
199979345
199979352
199979360
199979378
199979386
199979394
199979402
199979410
199979428
199979436
199979444
199979451
199979469
199979477
199979485
199979493
199979501
199979519
199979527
199979535
199979543
199979550
199979568
199979576
199979584
199979592
199979600
199979618
199979626
199979634
199979642
199979659
199979667
199979675
199979683
199979691
199979709
199979717
199979725
199979733
199979741
199979758
199979766
199979774
199979782
199979790
199979808
199979816
199979824
199979832
199979840
199979857
199979865
199979873
199979881
199979899
199979907
199979915
199979923
199979931
199979949
199979956
199979964
199979972
199979980
199979998
199980004
199980012
199980020
199980038
199980046
199980053
199980061
199980079
199980087
199980095
199980103
199980111
199980129
199980137
199980145
199980152
199980160
199980178
199980186
199980194
199980202
199980210
199980228
199980236
199980244
199980251
199980269
199980277
199980285
199980293
199980301
199980319
199980327
199980335
199980343
199980350
199980368
199980376
199980384
199980392
199980400
199980418
199980426
199980434
199980442
199980459
199980467
199980475
199980483
199980491
199980509
199980517
199980525
199980533
199980541
199980558
199980566
199980574
199980582
199980590
199980608
199980616
199980624
199980632
199980640
199980657
199980665
199980673
199980681
199980699
199980707
199980715
199980723
199980731
199980749
199980756
199980764
199980772
199980780
199980798
199980806
199980814
199980822
199980830
199980848
199980855
199980863
199980871
199980889
199980897
199980905
199980913
199980921
199980939
199980947
199980954
199980962
199980970
199980988
199980996
199981002
199981010
199981028
199981036
199981044
199981051
199981069
199981077
199981085
199981093
199981101
199981119
199981127
199981135
199981143
199981150
199981168
199981176
199981184
199981192
199981200
199981218
199981226
199981234
199981242
199981259
199981267
199981275
199981283
199981291
199981309
199981317
199981325
199981333
199981341
199981358
199981366
199981374
199981382
199981390
199981408
199981416
199981424
199981432
199981440
199981457
199981465
199981473
199981481
199981499
199981507
199981515
199981523
199981531
199981549
199981556
199981564
199981572
199981580
199981598
199981606
199981614
199981622
199981630
199981648
199981655
199981663
199981671
199981689
199981697
199981705
199981713
199981721
199981739
199981747
199981754
199981762
199981770
199981788
199981796
199981804
199981812
199981820
199981838
199981846
199981853
199981861
199981879
199981887
199981895
199981903
199981911
199981929
199981937
199981945
199981952
199981960
199981978
199981986
199981994
199982000
199982018
199982026
199982034
199982042
199982059
199982067
199982075
199982083
199982091
199982109
199982117
199982125
199982133
199982141
199982158
199982166
199982174
199982182
199982190
199982208
199982216
199982224
199982232
199982240
199982257
199982265
199982273
199982281
199982299
199982307
199982315
199982323
199982331
199982349
199982356
199982364
199982372
199982380
199982398
199982406
199982414
199982422
199982430
199982448
199982455
199982463
199982471
199982489
199982497
199982505
199982513
199982521
199982539
199982547
199982554
199982562
199982570
199982588
199982596
199982604
199982612
199982620
199982638
199982646
199982653
199982661
199982679
199982687
199982695
199982703
199982711
199982729
199982737
199982745
199982752
199982760
199982778
199982786
199982794
199982802
199982810
199982828
199982836
199982844
199982851
199982869
199982877
199982885
199982893
199982901
199982919
199982927
199982935
199982943
199982950
199982968
199982976
199982984
199982992
199983008
199983016
199983024
199983032
199983040
199983057
199983065
199983073
199983081
199983099
199983107
199983115
199983123
199983131
199983149
199983156
199983164
199983172
199983180
199983198
199983206
199983214
199983222
199983230
199983248
199983255
199983263
199983271
199983289
199983297
199983305
199983313
199983321
199983339
199983347
199983354
199983362
199983370
199983388
199983396
199983404
199983412
199983420
199983438
199983446
199983453
199983461
199983479
199983487
199983495
199983503
199983511
199983529
199983537
199983545
199983552
199983560
199983578
199983586
199983594
199983602
199983610
199983628
199983636
199983644
199983651
199983669
199983677
199983685
199983693
199983701
199983719
199983727
199983735
199983743
199983750
199983768
199983776
199983784
199983792
199983800
199983818
199983826
199983834
199983842
199983859
199983867
199983875
199983883
199983891
199983909
199983917
199983925
199983933
199983941
199983958
199983966
199983974
199983982
199983990
199984006
199984014
199984022
199984030
199984048
199984055
199984063
199984071
199984089
199984097
199984105
199984113
199984121
199984139
199984147
199984154
199984162
199984170
199984188
199984196
199984204
199984212
199984220
199984238
199984246
199984253
199984261
199984279
199984287
199984295
199984303
199984311
199984329
199984337
199984345
199984352
199984360
199984378
199984386
199984394
199984402
199984410
199984428
199984436
199984444
199984451
199984469
199984477
199984485
199984493
199984501
199984519
199984527
199984535
199984543
199984550
199984568
199984576
199984584
199984592
199984600
199984618
199984626
199984634
199984642
199984659
199984667
199984675
199984683
199984691
199984709
199984717
199984725
199984733
199984741
199984758
199984766
199984774
199984782
199984790
199984808
199984816
199984824
199984832
199984840
199984857
199984865
199984873
199984881
199984899
199984907
199984915
199984923
199984931
199984949
199984956
199984964
199984972
199984980
199984998
199985003
199985011
199985029
199985037
199985045
199985052
199985060
199985078
199985086
199985094
199985102
199985110
199985128
199985136
199985144
199985151
199985169
199985177
199985185
199985193
199985201
199985219
199985227
199985235
199985243
199985250
199985268
199985276
199985284
199985292
199985300
199985318
199985326
199985334
199985342
199985359
199985367
199985375
199985383
199985391
199985409
199985417
199985425
199985433
199985441
199985458
199985466
199985474
199985482
199985490
199985508
199985516
199985524
199985532
199985540
199985557
199985565
199985573
199985581
199985599
199985607
199985615
199985623
199985631
199985649
199985656
199985664
199985672
199985680
199985698
199985706
199985714
199985722
199985730
199985748
199985755
199985763
199985771
199985789
199985797
199985805
199985813
199985821
199985839
199985847
199985854
199985862
199985870
199985888
199985896
199985904
199985912
199985920
199985938
199985946
199985953
199985961
199985979
199985987
199985995
199986001
199986019
199986027
199986035
199986043
199986050
199986068
199986076
199986084
199986092
199986100
199986118
199986126
199986134
199986142
199986159
199986167
199986175
199986183
199986191
199986209
199986217
199986225
199986233
199986241
199986258
199986266
199986274
199986282
199986290
199986308
199986316
199986324
199986332
199986340
199986357
199986365
199986373
199986381
199986399
199986407
199986415
199986423
199986431
199986449
199986456
199986464
199986472
199986480
199986498
199986506
199986514
199986522
199986530
199986548
199986555
199986563
199986571
199986589
199986597
199986605
199986613
199986621
199986639
199986647
199986654
199986662
199986670
199986688
199986696
199986704
199986712
199986720
199986738
199986746
199986753
199986761
199986779
199986787
199986795
199986803
199986811
199986829
199986837
199986845
199986852
199986860
199986878
199986886
199986894
199986902
199986910
199986928
199986936
199986944
199986951
199986969
199986977
199986985
199986993
199987009
199987017
199987025
199987033
199987041
199987058
199987066
199987074
199987082
199987090
199987108
199987116
199987124
199987132
199987140
199987157
199987165
199987173
199987181
199987199
199987207
199987215
199987223
199987231
199987249
199987256
199987264
199987272
199987280
199987298
199987306
199987314
199987322
199987330
199987348
199987355
199987363
199987371
199987389
199987397
199987405
199987413
199987421
199987439
199987447
199987454
199987462
199987470
199987488
199987496
199987504
199987512
199987520
199987538
199987546
199987553
199987561
199987579
199987587
199987595
199987603
199987611
199987629
199987637
199987645
199987652
199987660
199987678
199987686
199987694
199987702
199987710
199987728
199987736
199987744
199987751
199987769
199987777
199987785
199987793
199987801
199987819
199987827
199987835
199987843
199987850
199987868
199987876
199987884
199987892
199987900
199987918
199987926
199987934
199987942
199987959
199987967
199987975
199987983
199987991
199988007
199988015
199988023
199988031
199988049
199988056
199988064
199988072
199988080
199988098
199988106
199988114
199988122
199988130
199988148
199988155
199988163
199988171
199988189
199988197
199988205
199988213
199988221
199988239
199988247
199988254
199988262
199988270
199988288
199988296
199988304
199988312
199988320
199988338
199988346
199988353
199988361
199988379
199988387
199988395
199988403
199988411
199988429
199988437
199988445
199988452
199988460
199988478
199988486
199988494
199988502
199988510
199988528
199988536
199988544
199988551
199988569
199988577
199988585
199988593
199988601
199988619
199988627
199988635
199988643
199988650
199988668
199988676
199988684
199988692
199988700
199988718
199988726
199988734
199988742
199988759
199988767
199988775
199988783
199988791
199988809
199988817
199988825
199988833
199988841
199988858
199988866
199988874
199988882
199988890
199988908
199988916
199988924
199988932
199988940
199988957
199988965
199988973
199988981
199988999
199989005
199989013
199989021
199989039
199989047
199989054
199989062
199989070
199989088
199989096
199989104
199989112
199989120
199989138
199989146
199989153
199989161
199989179
199989187
199989195
199989203
199989211
199989229
199989237
199989245
199989252
199989260
199989278
199989286
199989294
199989302
199989310
199989328
199989336
199989344
199989351
199989369
199989377
199989385
199989393
199989401
199989419
199989427
199989435
199989443
199989450
199989468
199989476
199989484
199989492
199989500
199989518
199989526
199989534
199989542
199989559
199989567
199989575
199989583
199989591
199989609
199989617
199989625
199989633
199989641
199989658
199989666
199989674
199989682
199989690
199989708
199989716
199989724
199989732
199989740
199989757
199989765
199989773
199989781
199989799
199989807
199989815
199989823
199989831
199989849
199989856
199989864
199989872
199989880
199989898
199989906
199989914
199989922
199989930
199989948
199989955
199989963
199989971
199989989
199989997
199990003
199990011
199990029
199990037
199990045
199990052
199990060
199990078
199990086
199990094
199990102
199990110
199990128
199990136
199990144
199990151
199990169
199990177
199990185
199990193
199990201
199990219
199990227
199990235
199990243
199990250
199990268
199990276
199990284
199990292
199990300
199990318
199990326
199990334
199990342
199990359
199990367
199990375
199990383
199990391
199990409
199990417
199990425
199990433
199990441
199990458
199990466
199990474
199990482
199990490
199990508
199990516
199990524
199990532
199990540
199990557
199990565
199990573
199990581
199990599
199990607
199990615
199990623
199990631
199990649
199990656
199990664
199990672
199990680
199990698
199990706
199990714
199990722
199990730
199990748
199990755
199990763
199990771
199990789
199990797
199990805
199990813
199990821
199990839
199990847
199990854
199990862
199990870
199990888
199990896
199990904
199990912
199990920
199990938
199990946
199990953
199990961
199990979
199990987
199990995
199991001
199991019
199991027
199991035
199991043
199991050
199991068
199991076
199991084
199991092
199991100
199991118
199991126
199991134
199991142
199991159
199991167
199991175
199991183
199991191
199991209
199991217
199991225
199991233
199991241
199991258
199991266
199991274
199991282
199991290
199991308
199991316
199991324
199991332
199991340
199991357
199991365
199991373
199991381
199991399
199991407
199991415
199991423
199991431
199991449
199991456
199991464
199991472
199991480
199991498
199991506
199991514
199991522
199991530
199991548
199991555
199991563
199991571
199991589
199991597
199991605
199991613
199991621
199991639
199991647
199991654
199991662
199991670
199991688
199991696
199991704
199991712
199991720
199991738
199991746
199991753
199991761
199991779
199991787
199991795
199991803
199991811
199991829
199991837
199991845
199991852
199991860
199991878
199991886
199991894
199991902
199991910
199991928
199991936
199991944
199991951
199991969
199991977
199991985
199991993
199992009
199992017
199992025
199992033
199992041
199992058
199992066
199992074
199992082
199992090
199992108
199992116
199992124
199992132
199992140
199992157
199992165
199992173
199992181
199992199
199992207
199992215
199992223
199992231
199992249
199992256
199992264
199992272
199992280
199992298
199992306
199992314
199992322
199992330
199992348
199992355
199992363
199992371
199992389
199992397
199992405
199992413
199992421
199992439
199992447
199992454
199992462
199992470
199992488
199992496
199992504
199992512
199992520
199992538
199992546
199992553
199992561
199992579
199992587
199992595
199992603
199992611
199992629
199992637
199992645
199992652
199992660
199992678
199992686
199992694
199992702
199992710
199992728
199992736
199992744
199992751
199992769
199992777
199992785
199992793
199992801
199992819
199992827
199992835
199992843
199992850
199992868
199992876
199992884
199992892
199992900
199992918
199992926
199992934
199992942
199992959
199992967
199992975
199992983
199992991
199993007
199993015
199993023
199993031
199993049
199993056
199993064
199993072
199993080
199993098
199993106
199993114
199993122
199993130
199993148
199993155
199993163
199993171
199993189
199993197
199993205
199993213
199993221
199993239
199993247
199993254
199993262
199993270
199993288
199993296
199993304
199993312
199993320
199993338
199993346
199993353
199993361
199993379
199993387
199993395
199993403
199993411
199993429
199993437
199993445
199993452
199993460
199993478
199993486
199993494
199993502
199993510
199993528
199993536
199993544
199993551
199993569
199993577
199993585
199993593
199993601
199993619
199993627
199993635
199993643
199993650
199993668
199993676
199993684
199993692
199993700
199993718
199993726
199993734
199993742
199993759
199993767
199993775
199993783
199993791
199993809
199993817
199993825
199993833
199993841
199993858
199993866
199993874
199993882
199993890
199993908
199993916
199993924
199993932
199993940
199993957
199993965
199993973
199993981
199993999
199994005
199994013
199994021
199994039
199994047
199994054
199994062
199994070
199994088
199994096
199994104
199994112
199994120
199994138
199994146
199994153
199994161
199994179
199994187
199994195
199994203
199994211
199994229
199994237
199994245
199994252
199994260
199994278
199994286
199994294
199994302
199994310
199994328
199994336
199994344
199994351
199994369
199994377
199994385
199994393
199994401
199994419
199994427
199994435
199994443
199994450
199994468
199994476
199994484
199994492
199994500
199994518
199994526
199994534
199994542
199994559
199994567
199994575
199994583
199994591
199994609
199994617
199994625
199994633
199994641
199994658
199994666
199994674
199994682
199994690
199994708
199994716
199994724
199994732
199994740
199994757
199994765
199994773
199994781
199994799
199994807
199994815
199994823
199994831
199994849
199994856
199994864
199994872
199994880
199994898
199994906
199994914
199994922
199994930
199994948
199994955
199994963
199994971
199994989
199994997
199995002
199995010
199995028
199995036
199995044
199995051
199995069
199995077
199995085
199995093
199995101
199995119
199995127
199995135
199995143
199995150
199995168
199995176
199995184
199995192
199995200
199995218
199995226
199995234
199995242
199995259
199995267
199995275
199995283
199995291
199995309
199995317
199995325
199995333
199995341
199995358
199995366
199995374
199995382
199995390
199995408
199995416
199995424
199995432
199995440
199995457
199995465
199995473
199995481
199995499
199995507
199995515
199995523
199995531
199995549
199995556
199995564
199995572
199995580
199995598
199995606
199995614
199995622
199995630
199995648
199995655
199995663
199995671
199995689
199995697
199995705
199995713
199995721
199995739
199995747
199995754
199995762
199995770
199995788
199995796
199995804
199995812
199995820
199995838
199995846
199995853
199995861
199995879
199995887
199995895
199995903
199995911
199995929
199995937
199995945
199995952
199995960
199995978
199995986
199995994
199996000
199996018
199996026
199996034
199996042
199996059
199996067
199996075
199996083
199996091
199996109
199996117
199996125
199996133
199996141
199996158
199996166
199996174
199996182
199996190
199996208
199996216
199996224
199996232
199996240
199996257
199996265
199996273
199996281
199996299
199996307
199996315
199996323
199996331
199996349
199996356
199996364
199996372
199996380
199996398
199996406
199996414
199996422
199996430
199996448
199996455
199996463
199996471
199996489
199996497
199996505
199996513
199996521
199996539
199996547
199996554
199996562
199996570
199996588
199996596
199996604
199996612
199996620
199996638
199996646
199996653
199996661
199996679
199996687
199996695
199996703
199996711
199996729
199996737
199996745
199996752
199996760
199996778
199996786
199996794
199996802
199996810
199996828
199996836
199996844
199996851
199996869
199996877
199996885
199996893
199996901
199996919
199996927
199996935
199996943
199996950
199996968
199996976
199996984
199996992
199997008
199997016
199997024
199997032
199997040
199997057
199997065
199997073
199997081
199997099
199997107
199997115
199997123
199997131
199997149
199997156
199997164
199997172
199997180
199997198
199997206
199997214
199997222
199997230
199997248
199997255
199997263
199997271
199997289
199997297
199997305
199997313
199997321
199997339
199997347
199997354
199997362
199997370
199997388
199997396
199997404
199997412
199997420
199997438
199997446
199997453
199997461
199997479
199997487
199997495
199997503
199997511
199997529
199997537
199997545
199997552
199997560
199997578
199997586
199997594
199997602
199997610
199997628
199997636
199997644
199997651
199997669
199997677
199997685
199997693
199997701
199997719
199997727
199997735
199997743
199997750
199997768
199997776
199997784
199997792
199997800
199997818
199997826
199997834
199997842
199997859
199997867
199997875
199997883
199997891
199997909
199997917
199997925
199997933
199997941
199997958
199997966
199997974
199997982
199997990
199998006
199998014
199998022
199998030
199998048
199998055
199998063
199998071
199998089
199998097
199998105
199998113
199998121
199998139
199998147
199998154
199998162
199998170
199998188
199998196
199998204
199998212
199998220
199998238
199998246
199998253
199998261
199998279
199998287
199998295
199998303
199998311
199998329
199998337
199998345
199998352
199998360
199998378
199998386
199998394
199998402
199998410
199998428
199998436
199998444
199998451
199998469
199998477
199998485
199998493
199998501
199998519
199998527
199998535
199998543
199998550
199998568
199998576
199998584
199998592
199998600
199998618
199998626
199998634
199998642
199998659
199998667
199998675
199998683
199998691
199998709
199998717
199998725
199998733
199998741
199998758
199998766
199998774
199998782
199998790
199998808
199998816
199998824
199998832
199998840
199998857
199998865
199998873
199998881
199998899
199998907
199998915
199998923
199998931
199998949
199998956
199998964
199998972
199998980
199998998
199999004
199999012
199999020
199999038
199999046
199999053
199999061
199999079
199999087
199999095
199999103
199999111
199999129
199999137
199999145
199999152
199999160
199999178
199999186
199999194
199999202
199999210
199999228
199999236
199999244
199999251
199999269
199999277
199999285
199999293
199999301
199999319
199999327
199999335
199999343
199999350
199999368
199999376
199999384
199999392
199999400
199999418
199999426
199999434
199999442
199999459
199999467
199999475
199999483
199999491
199999509
199999517
199999525
199999533
199999541
199999558
199999566
199999574
199999582
199999590
199999608
199999616
199999624
199999632
199999640
199999657
199999665
199999673
199999681
199999699
199999707
199999715
199999723
199999731
199999749
199999756
199999764
199999772
199999780
199999798
199999806
199999814
199999822
199999830
199999848
199999855
199999863
199999871
199999889
199999897
199999905
199999913
199999921
199999939
199999947
199999954
199999962
199999970
199999988
199999996
